6 0.44635416666666666 0.9296296296296296 0.06145833333333333 0.14074074074074075
6 0.44583333333333336 0.49166666666666664 0.027083333333333334 0.053703703703703705
4 0.45625 0.8574074074074074 0.03958333333333333 0.1037037037037037
4 0.4609375 0.7787037037037037 0.036458333333333336 0.09444444444444444
4 0.46822916666666664 0.700925925925926 0.030208333333333334 0.07592592592592592
4 0.47239583333333335 0.6435185185185185 0.028125 0.06481481481481481
4 0.4791666666666667 0.5962962962962963 0.025 0.05555555555555555
4 0.478125 0.562962962962963 0.022916666666666665 0.05185185185185185
4 0.5307291666666667 0.5546296296296296 0.030208333333333334 0.03518518518518519
5 0.5119791666666667 0.5740740740740741 0.030208333333333334 0.05185185185185185
4 0.4786458333333333 0.5055555555555555 0.015625 0.037037037037037035
4 0.5109375 0.44907407407407407 0.017708333333333333 0.03148148148148148
5 0.48333333333333334 0.45 0.014583333333333334 0.044444444444444446
4 0.5036458333333333 0.3907407407407407 0.013541666666666667 0.022222222222222223
4 0.4609375 0.4111111111111111 0.011458333333333333 0.025925925925925925
10 0.06458333333333334 0.9444444444444444 0.025 0.07407407407407407
10 0.03229166666666667 0.95 0.027083333333333334 0.08518518518518518
7 0.5125 0.3277777777777778 0.00625 0.014814814814814815
7 0.44479166666666664 0.6157407407407407 0.0125 0.05740740740740741
7 0.4119791666666667 0.6101851851851852 0.036458333333333336 0.03518518518518519
7 0.6265625 0.9 0.034375 0.07407407407407407
7 0.6458333333333334 0.9555555555555556 0.05 0.06296296296296296
1 0.5354166666666667 0.7935185185185185 0.010416666666666666 0.03518518518518519
1 0.534375 0.7824074074074074 0.010416666666666666 0.03888888888888889
1 0.40260416666666665 0.7601851851851852 0.011458333333333333 0.03888888888888889
1 0.40208333333333335 0.7657407407407407 0.008333333333333333 0.03148148148148148
1 0.35625 0.9722222222222222 0.008333333333333333 0.02962962962962963
1 0.35625 0.9712962962962963 0.01875 0.053703703703703705
1 0.359375 0.9601851851851851 0.014583333333333334 0.04259259259259259
10 0.3572916666666667 0.975 0.01875 0.05
10 0.4015625 0.7777777777777778 0.013541666666666667 0.040740740740740744
10 0.3807291666666667 0.7361111111111112 0.028125 0.024074074074074074
10 0.3885416666666667 0.7055555555555556 0.025 0.022222222222222223
10 0.5333333333333333 0.7962962962962963 0.0125 0.040740740740740744
10 0.47708333333333336 0.3851851851851852 0.004166666666666667 0.014814814814814815
10 0.525 0.36666666666666664 0.010416666666666666 0.011111111111111112
10 0.49375 0.33055555555555555 0.004166666666666667 0.012962962962962963
4 0.509375 0.2814814814814815 0.00625 0.011111111111111112
1 0.540625 0.41388888888888886 0.004166666666666667 0.020370370370370372
1 0.5208333333333334 0.32685185185185184 0.004166666666666667 0.016666666666666666
1 0.49166666666666664 0.31296296296296294 0.004166666666666667 0.011111111111111112
1 0.4859375 0.32592592592592595 0.003125 0.011111111111111112
