4 0.7246428571428571 0.7666666666666667 0.10214285714285715 0.14095238095238094
4 0.62 0.6076190476190476 0.08714285714285715 0.12571428571428572
4 0.5189285714285714 0.5757142857142857 0.08785714285714286 0.13047619047619047
4 0.5278571428571428 0.4714285714285714 0.07714285714285714 0.10857142857142857
4 0.44607142857142856 0.4580952380952381 0.07071428571428572 0.09904761904761905
4 0.455 0.3638095238095238 0.06428571428571428 0.09142857142857143
4 0.3796428571428571 0.3361904761904762 0.060714285714285714 0.08571428571428572
4 0.40035714285714286 0.27285714285714285 0.062142857142857146 0.08666666666666667
4 0.3525 0.1919047619047619 0.055 0.07523809523809524
4 0.30964285714285716 0.2280952380952381 0.05785714285714286 0.07904761904761905
5 0.7496428571428572 0.570952380952381 0.06357142857142857 0.07904761904761905
2 0.17392857142857143 0.4561904761904762 0.017857142857142856 0.03238095238095238
2 0.5957142857142858 0.2423809523809524 0.014285714285714285 0.023809523809523808
2 0.4010714285714286 0.054285714285714284 0.009285714285714286 0.02095238095238095
2 0.4425 0.06571428571428571 0.013571428571428571 0.02095238095238095
2 0.4375 0.06523809523809523 0.009285714285714286 0.023809523809523808
2 0.42857142857142855 0.041428571428571426 0.007142857142857143 0.025714285714285714
10 0.4025 0.06761904761904762 0.010714285714285714 0.022857142857142857
10 0.42892857142857144 0.05142857142857143 0.012142857142857143 0.017142857142857144
10 0.44 0.07380952380952381 0.018571428571428572 0.025714285714285714
10 0.5935714285714285 0.25047619047619046 0.017142857142857144 0.03238095238095238
3 0.17964285714285713 0.4719047619047619 0.015 0.03142857142857143
0 0.4325 0.01380952380952381 0.016428571428571428 0.025714285714285714
