4 0.05821428571428571 0.48095238095238096 0.03214285714285714 0.047619047619047616
4 0.7060714285714286 0.5823809523809523 0.02214285714285714 0.06571428571428571
4 0.8185714285714286 0.6628571428571428 0.04285714285714286 0.06285714285714286
4 0.9228571428571428 0.5719047619047619 0.03428571428571429 0.054285714285714284
4 0.9489285714285715 0.7433333333333333 0.03357142857142857 0.07523809523809524
4 0.8639285714285714 0.6957142857142857 0.04642857142857143 0.06
4 0.64 0.5404761904761904 0.024285714285714285 0.05047619047619047
5 0.8707142857142857 0.5976190476190476 0.055714285714285716 0.05047619047619047
4 0.2417857142857143 0.26285714285714284 0.02214285714285714 0.030476190476190476
4 0.2592857142857143 0.2519047619047619 0.022857142857142857 0.025714285714285714
5 0.09857142857142857 0.13142857142857142 0.025714285714285714 0.02666666666666667
1 0.4789285714285714 0.1376190476190476 0.002142857142857143 0.012380952380952381
0 0.30142857142857143 0.11904761904761904 0.07571428571428572 0.05142857142857143
