5 0.21607142857142858 0.63 0.027857142857142858 0.05619047619047619
4 0.2567857142857143 0.6428571428571429 0.02214285714285714 0.047619047619047616
4 0.5357142857142857 0.5171428571428571 0.02 0.0380952380952381
0 0.5182142857142857 0.048095238095238094 0.017857142857142856 0.07714285714285714
4 0.5153571428571428 0.11047619047619048 0.0064285714285714285 0.011428571428571429
4 0.25142857142857145 0.42428571428571427 0.015714285714285715 0.02761904761904762
4 0.19892857142857143 0.42714285714285716 0.017857142857142856 0.03333333333333333
10 0.49392857142857144 0.4380952380952381 0.009285714285714286 0.013333333333333334
10 0.5192857142857142 0.33476190476190476 0.007142857142857143 0.014285714285714285
3 0.5325 0.34714285714285714 0.005 0.012380952380952381
6 0.6385714285714286 0.49666666666666665 0.07142857142857142 0.040952380952380955
2 0.4942857142857143 0.43666666666666665 0.005714285714285714 0.010476190476190476
2 0.5185714285714286 0.3333333333333333 0.004285714285714286 0.009523809523809525
2 0.5332142857142858 0.3466666666666667 0.0035714285714285713 0.007619047619047619
