10 0.14142857142857143 0.01904761904761905 0.014285714285714285 0.011428571428571429
10 0.14 0.032857142857142856 0.014285714285714285 0.010476190476190476
10 0.1382142857142857 0.041428571428571426 0.012142857142857143 0.008571428571428572
10 0.1375 0.049523809523809526 0.016428571428571428 0.007619047619047619
6 0.17821428571428571 0.049523809523809526 0.020714285714285713 0.045714285714285714
4 0.23642857142857143 0.05476190476190476 0.018571428571428572 0.040952380952380955
4 0.2760714285714286 0.05857142857142857 0.017857142857142856 0.04285714285714286
6 0.33785714285714286 0.035238095238095235 0.022857142857142857 0.07047619047619047
4 0.3360714285714286 0.0980952380952381 0.016428571428571428 0.04380952380952381
5 0.3142857142857143 0.09380952380952381 0.014285714285714285 0.04666666666666667
4 0.29285714285714287 0.09714285714285714 0.017142857142857144 0.045714285714285714
4 0.21464285714285714 0.09523809523809523 0.016428571428571428 0.04
4 0.19321428571428573 0.09380952380952381 0.016428571428571428 0.035238095238095235
4 0.3003571428571429 0.1738095238095238 0.035 0.023809523809523808
4 0.3 0.19666666666666666 0.03857142857142857 0.023809523809523808
4 0.2982142857142857 0.22047619047619046 0.039285714285714285 0.025714285714285714
4 0.3003571428571429 0.24904761904761905 0.03642857142857143 0.023809523809523808
4 0.2953571428571429 0.2733333333333333 0.04071428571428572 0.022857142857142857
4 0.29714285714285715 0.3028571428571429 0.03857142857142857 0.024761904761904763
4 0.29464285714285715 0.3323809523809524 0.04357142857142857 0.024761904761904763
4 0.4392857142857143 0.05761904761904762 0.012857142857142857 0.040952380952380955
4 0.4785714285714286 0.05523809523809524 0.012857142857142857 0.0380952380952381
4 0.4975 0.05714285714285714 0.015 0.0380952380952381
4 0.4975 0.09476190476190476 0.013571428571428571 0.039047619047619046
4 0.5171428571428571 0.09619047619047619 0.014285714285714285 0.0380952380952381
4 0.5785714285714286 0.10285714285714286 0.015714285714285715 0.04
4 0.5771428571428572 0.05904761904761905 0.014285714285714285 0.045714285714285714
4 0.5582142857142857 0.05523809523809524 0.016428571428571428 0.04
6 0.5375 0.05761904761904762 0.016428571428571428 0.05047619047619047
4 0.5178571428571429 0.05047619047619047 0.015714285714285715 0.04380952380952381
4 0.45785714285714285 0.09857142857142857 0.015714285714285715 0.04285714285714286
4 0.43714285714285717 0.1019047619047619 0.015714285714285715 0.04
4 0.46964285714285714 0.1761904761904762 0.03642857142857143 0.024761904761904763
4 0.46535714285714286 0.19952380952380952 0.039285714285714285 0.02761904761904762
4 0.46535714285714286 0.2261904761904762 0.03785714285714286 0.023809523809523808
4 0.46214285714285713 0.25 0.03857142857142857 0.02761904761904762
4 0.46464285714285714 0.2733333333333333 0.04071428571428572 0.02666666666666667
4 0.4657142857142857 0.3 0.03857142857142857 0.024761904761904763
4 0.047142857142857146 0.5438095238095239 0.04857142857142857 0.024761904761904763
8 0.047142857142857146 0.3904761904761905 0.02142857142857143 0.0380952380952381
10 0.06464285714285714 0.3904761904761905 0.012142857142857143 0.022857142857142857
10 0.07642857142857143 0.38904761904761903 0.01 0.03142857142857143
10 0.16892857142857143 0.41714285714285715 0.019285714285714285 0.015238095238095238
2 0.16892857142857143 0.41095238095238096 0.007857142857142858 0.01619047619047619
2 0.2957142857142857 0.4266666666666667 0.007142857142857143 0.009523809523809525
10 0.29678571428571426 0.4280952380952381 0.015 0.008571428571428572
4 0.5835714285714285 0.5366666666666666 0.041428571428571426 0.025714285714285714
4 0.6717857142857143 0.38571428571428573 0.04357142857142857 0.02857142857142857
2 0.7732142857142857 0.5095238095238095 0.007857142857142858 0.011428571428571429
10 0.7717857142857143 0.5109523809523809 0.017857142857142856 0.010476190476190476
10 0.775 0.5652380952380952 0.008571428571428572 0.023809523809523808
8 0.8442857142857143 0.5666666666666667 0.015714285714285715 0.030476190476190476
2 0.9885714285714285 0.4957142857142857 0.007142857142857143 0.012380952380952381
10 0.9864285714285714 0.4961904761904762 0.014285714285714285 0.011428571428571429
