11 0.13525 0.902 0.2585 0.192
5 0.353 0.9816666666666667 0.115 0.03666666666666667
5 0.39975 0.7853333333333333 0.1725 0.168
4 0.47775 0.706 0.0355 0.032
4 0.53175 0.6863333333333334 0.0515 0.05266666666666667
4 0.57575 0.6916666666666667 0.0515 0.06066666666666667
4 0.66225 0.7243333333333334 0.0525 0.048666666666666664
6 0.73825 0.6036666666666667 0.0645 0.062
4 0.774 0.6153333333333333 0.038 0.04133333333333333
4 0.687 0.5823333333333334 0.031 0.03133333333333333
4 0.717 0.5663333333333334 0.019 0.026
6 0.7515 0.533 0.057 0.056666666666666664
4 0.83625 0.538 0.0185 0.018666666666666668
11 0.79875 0.5036666666666667 0.0355 0.043333333333333335
9 0.832 0.507 0.038 0.038
11 0.66675 0.9546666666666667 0.0525 0.09066666666666667
4 0.92525 0.5123333333333333 0.0355 0.019333333333333334
4 0.96525 0.516 0.0345 0.016
6 0.87225 0.46266666666666667 0.0165 0.02266666666666667
6 0.891 0.4676666666666667 0.026 0.022
9 0.91375 0.451 0.0195 0.022
4 0.897 0.45 0.019 0.014666666666666666
4 0.9385 0.4543333333333333 0.01 0.011333333333333334
4 0.93925 0.43066666666666664 0.0105 0.009333333333333334
4 0.93425 0.43966666666666665 0.0075 0.008666666666666666
4 0.9275 0.44366666666666665 0.008 0.01
1 0.967 0.46166666666666667 0.006 0.016666666666666666
0 0.99225 0.4076666666666667 0.0155 0.007333333333333333
