4 0.58825 0.9156666666666666 0.0795 0.062
5 0.69875 0.8416666666666667 0.0365 0.05266666666666667
4 0.86475 0.939 0.0825 0.078
1 0.47575 0.8853333333333333 0.0075 0.02266666666666667
1 0.48475 0.8736666666666667 0.0095 0.04066666666666666
4 0.54075 0.804 0.0515 0.03866666666666667
5 0.43975 0.8296666666666667 0.0505 0.03933333333333333
5 0.47725 0.775 0.0475 0.04066666666666666
5 0.6025 0.7403333333333333 0.033 0.03
5 0.579 0.729 0.03 0.04466666666666667
3 0.5745 0.6796666666666666 0.016 0.012666666666666666
5 0.42875 0.753 0.0465 0.035333333333333335
4 0.35475 0.7753333333333333 0.0415 0.037333333333333336
5 0.38875 0.7286666666666667 0.0325 0.037333333333333336
4 0.42525 0.681 0.0285 0.022
4 0.3215 0.7576666666666667 0.037 0.03
5 0.35675 0.7156666666666667 0.0365 0.035333333333333335
4 0.29 0.7356666666666667 0.036 0.027333333333333334
4 0.3265 0.7076666666666667 0.031 0.023333333333333334
4 0.26175 0.7206666666666667 0.0315 0.029333333333333333
4 0.30175 0.6936666666666667 0.0305 0.022
4 0.236 0.705 0.028 0.024666666666666667
4 0.275 0.682 0.027 0.02
4 0.216 0.693 0.029 0.024666666666666667
4 0.24025 0.6613333333333333 0.0255 0.02
5 0.19525 0.678 0.0205 0.025333333333333333
5 0.18025 0.67 0.0165 0.02266666666666667
5 0.1685 0.664 0.019 0.024
5 0.19675 0.644 0.0215 0.017333333333333333
4 0.21675 0.641 0.0155 0.015333333333333332
4 0.155 0.657 0.026 0.018
5 0.14175 0.65 0.0215 0.018666666666666668
4 0.16375 0.64 0.0185 0.014666666666666666
4 0.18425 0.638 0.0195 0.014666666666666666
4 0.12925 0.6423333333333333 0.0175 0.015333333333333332
4 0.1175 0.635 0.016 0.015333333333333332
4 0.1315 0.6313333333333333 0.018 0.014666666666666666
5 0.1705 0.6283333333333333 0.017 0.018
4 0.1565 0.6253333333333333 0.016 0.012
4 0.118 0.6236666666666667 0.013 0.012666666666666666
4 0.1345 0.623 0.016 0.01
4 0.1485 0.6213333333333333 0.015 0.013333333333333334
5 0.1405 0.6166666666666667 0.013 0.013333333333333334
4 0.1305 0.614 0.015 0.013333333333333334
2 0.1 0.6126666666666667 0.003 0.009333333333333334
10 0.09975 0.615 0.0055 0.011333333333333334
4 0.11675 0.6066666666666667 0.0155 0.010666666666666666
4 0.08825 0.617 0.0155 0.014
1 0.096 0.643 0.006 0.015333333333333332
1 0.1015 0.6446666666666667 0.006 0.016
1 0.05225 0.6576666666666666 0.0045 0.016666666666666666
1 0.05675 0.6613333333333333 0.0045 0.016
1 0.026 0.6683333333333333 0.009 0.018
1 0.02425 0.6633333333333333 0.0055 0.017333333333333333
7 0.07675 0.652 0.0115 0.013333333333333334
6 0.1085 0.601 0.021 0.015333333333333332
4 0.068 0.6026666666666667 0.012 0.010666666666666666
5 0.09275 0.594 0.0145 0.012
4 0.0825 0.5903333333333334 0.014 0.011333333333333334
4 0.0725 0.5853333333333334 0.011 0.009333333333333334
4 0.06475 0.581 0.0085 0.007333333333333333
4 0.05825 0.5783333333333334 0.0075 0.007333333333333333
4 0.05525 0.5773333333333334 0.0075 0.006666666666666667
5 0.05075 0.5746666666666667 0.0085 0.008
4 0.04725 0.5693333333333334 0.0175 0.006666666666666667
4 0.03825 0.568 0.0085 0.008
4 0.027 0.5633333333333334 0.007 0.006666666666666667
4 0.01225 0.5613333333333334 0.0075 0.005333333333333333
4 0.01025 0.5556666666666666 0.0105 0.006
0 0.038 0.5446666666666666 0.027 0.024
5 0.92225 0.6873333333333334 0.0295 0.025333333333333333
2 0.36375 0.625 0.0045 0.01
1 0.37125 0.6373333333333333 0.0045 0.014666666666666666
1 0.37425 0.6233333333333333 0.0035 0.012
1 0.40125 0.611 0.0035 0.011333333333333334
5 0.4155 0.6033333333333334 0.019 0.012
4 0.42775 0.6063333333333333 0.0195 0.01
1 0.31375 0.595 0.0025 0.01
1 0.459 0.6223333333333333 0.003 0.01
1 0.46625 0.6326666666666667 0.0035 0.013333333333333334
1 0.472 0.632 0.002 0.010666666666666666
2 0.3265 0.604 0.003 0.005333333333333333
1 0.32325 0.5833333333333334 0.0025 0.010666666666666666
4 0.29 0.5846666666666667 0.015 0.009333333333333334
0 0.434 0.5743333333333334 0.03 0.028666666666666667
1 0.4275 0.5986666666666667 0.003 0.009333333333333334
1 0.31225 0.589 0.0025 0.008666666666666666
0 0.46925 0.7123333333333334 0.0815 0.038
