4 0.525 0.6733333333333333 0.095 0.076
5 0.548 0.5723333333333334 0.065 0.06466666666666666
4 0.69325 0.493 0.0625 0.043333333333333335
8 0.3405 0.5586666666666666 0.032 0.04
4 0.618 0.457 0.053 0.043333333333333335
4 0.5905 0.42933333333333334 0.035 0.032
4 0.54 0.392 0.031 0.037333333333333336
6 0.33925 0.6736666666666666 0.2065 0.262
6 0.13125 0.403 0.0935 0.11666666666666667
4 0.90575 0.44733333333333336 0.0495 0.042666666666666665
4 0.00675 0.22066666666666668 0.0115 0.034666666666666665
4 0.378 0.262 0.04 0.025333333333333333
4 0.2835 0.24133333333333334 0.025 0.017333333333333333
4 0.23475 0.25166666666666665 0.0285 0.014
4 0.2555 0.262 0.033 0.016
4 0.22375 0.24166666666666667 0.0265 0.008666666666666666
4 0.2075 0.23033333333333333 0.024 0.011333333333333334
4 0.204 0.209 0.017 0.014
4 0.202 0.191 0.015 0.012666666666666666
4 0.1975 0.18466666666666667 0.018 0.008
4 0.16525 0.18133333333333335 0.0175 0.016
0 0.13975 0.14733333333333334 0.1285 0.034666666666666665
