0 0.41775 0.3423333333333333 0.0375 0.08066666666666666
6 0.43025 0.4266666666666667 0.0125 0.030666666666666665
6 0.906 0.903 0.187 0.194
4 0.0815 0.568 0.067 0.029333333333333333
4 0.15475 0.5686666666666667 0.0655 0.03333333333333333
1 0.11675 0.5706666666666667 0.0105 0.032
1 0.01675 0.6046666666666667 0.0085 0.03333333333333333
2 0.28825 0.497 0.0055 0.018
2 0.098 0.538 0.006 0.02
10 0.29025 0.501 0.0175 0.01
10 0.0985 0.5413333333333333 0.02 0.009333333333333334
4 0.185 0.511 0.047 0.023333333333333334
