4 0.2725 0.75 0.04357142857142857 0.07333333333333333
4 0.5910714285714286 0.25142857142857145 0.009285714285714286 0.013333333333333334
9 0.4635714285714286 0.27285714285714285 0.04285714285714286 0.04285714285714286
5 0.5003571428571428 0.24428571428571427 0.016428571428571428 0.01619047619047619
11 0.6042857142857143 0.2995238095238095 0.025714285714285714 0.02761904761904762
4 0.5510714285714285 0.1657142857142857 0.0064285714285714285 0.007619047619047619
4 0.5325 0.12857142857142856 0.005 0.005714285714285714
4 0.6535714285714286 0.25476190476190474 0.017142857142857144 0.010476190476190476
2 0.6053571428571428 0.23809523809523808 0.002142857142857143 0.005714285714285714
3 0.605 0.2419047619047619 0.002857142857142857 0.005714285714285714
6 0.5664285714285714 0.1719047619047619 0.01 0.023809523809523808
2 0.5742857142857143 0.16380952380952382 0.002857142857142857 0.005714285714285714
3 0.5742857142857143 0.16476190476190475 0.002857142857142857 0.0038095238095238095
4 0.5821428571428572 0.11666666666666667 0.01 0.006666666666666667
5 0.5814285714285714 0.11285714285714285 0.011428571428571429 0.006666666666666667
4 0.6017857142857143 0.10714285714285714 0.010714285714285714 0.006666666666666667
5 0.6182142857142857 0.11333333333333333 0.010714285714285714 0.007619047619047619
5 0.5960714285714286 0.09285714285714286 0.005 0.004761904761904762
4 0.5889285714285715 0.09428571428571429 0.0064285714285714285 0.005714285714285714
6 0.5717857142857142 0.09380952380952381 0.009285714285714286 0.006666666666666667
11 0.44285714285714284 0.18666666666666668 0.022857142857142857 0.030476190476190476
5 0.4467857142857143 0.1419047619047619 0.0064285714285714285 0.009523809523809525
5 0.5096428571428572 0.08190476190476191 0.0035714285714285713 0.005714285714285714
6 0.5146428571428572 0.08523809523809524 0.0064285714285714285 0.010476190476190476
0 0.505 0.06619047619047619 0.011428571428571429 0.012380952380952381
0 0.5385714285714286 0.10952380952380952 0.012857142857142857 0.022857142857142857
1 0.39964285714285713 0.5576190476190476 0.009285714285714286 0.021904761904761906
4 0.6378571428571429 0.29714285714285715 0.015714285714285715 0.015238095238095238
11 0.5975 0.11761904761904762 0.007857142857142858 0.012380952380952381
4 0.2042857142857143 0.18047619047619048 0.014285714285714285 0.008571428571428572
5 0.205 0.1761904761904762 0.014285714285714285 0.009523809523809525
4 0.165 0.20809523809523808 0.015714285714285715 0.010476190476190476
0 0.5092857142857142 0.019523809523809523 0.02 0.037142857142857144
