1 0.12642857142857142 0.28523809523809524 0.02142857142857143 0.05047619047619047
4 0.1707142857142857 0.27285714285714285 0.05857142857142857 0.08476190476190476
4 0.030714285714285715 0.6957142857142857 0.06 0.17047619047619048
4 0.11392857142857143 0.4747619047619048 0.10214285714285715 0.1419047619047619
10 0.12785714285714286 0.13714285714285715 0.025714285714285714 0.03619047619047619
10 0.07964285714285714 0.17761904761904762 0.035 0.03333333333333333
10 0.023214285714285715 0.2438095238095238 0.04071428571428572 0.030476190476190476
11 0.03964285714285714 0.23 0.04214285714285714 0.029523809523809525
11 0.08857142857142856 0.14714285714285713 0.03142857142857143 0.040952380952380955
10 0.16178571428571428 0.030476190476190476 0.019285714285714285 0.03428571428571429
10 0.1982142857142857 0.009047619047619047 0.013571428571428571 0.018095238095238095
4 0.24214285714285713 0.12476190476190477 0.03571428571428571 0.06857142857142857
5 0.31107142857142855 0.25952380952380955 0.05928571428571429 0.11904761904761904
10 0.3514285714285714 0.04238095238095238 0.011428571428571429 0.029523809523809525
1 0.36178571428571427 0.10714285714285714 0.010714285714285714 0.03333333333333333
3 0.36142857142857143 0.11571428571428571 0.01 0.039047619047619046
4 0.31857142857142856 0.09095238095238095 0.041428571428571426 0.06571428571428571
4 0.32571428571428573 0.05476190476190476 0.03428571428571429 0.04666666666666667
3 0.5667857142857143 0.9695238095238096 0.07357142857142857 0.05523809523809524
4 0.5503571428571429 0.8123809523809524 0.07928571428571428 0.21523809523809523
4 0.5332142857142858 0.5719047619047619 0.06785714285714285 0.15142857142857144
4 0.5178571428571429 0.3976190476190476 0.04857142857142857 0.0980952380952381
1 0.4642857142857143 0.35714285714285715 0.017142857142857144 0.05333333333333334
5 0.465 0.3038095238095238 0.04285714285714286 0.08952380952380952
4 0.5110714285714286 0.2861904761904762 0.039285714285714285 0.08285714285714285
4 0.5 0.2042857142857143 0.041428571428571426 0.08285714285714285
4 0.45607142857142857 0.12428571428571429 0.035 0.05238095238095238
4 0.49607142857142855 0.14333333333333334 0.03642857142857143 0.06
4 0.4967857142857143 0.08952380952380952 0.029285714285714286 0.05142857142857143
5 0.49392857142857144 0.039523809523809524 0.027857142857142858 0.05047619047619047
1 0.46 0.010952380952380953 0.01 0.021904761904761906
4 0.5814285714285714 0.018571428571428572 0.03 0.037142857142857144
10 0.6089285714285714 0.051904761904761905 0.012142857142857143 0.03142857142857143
10 0.6360714285714286 0.19047619047619047 0.02214285714285714 0.04
10 0.6489285714285714 0.23238095238095238 0.025 0.04380952380952381
1 0.6603571428571429 0.07285714285714286 0.010714285714285714 0.037142857142857144
1 0.6685714285714286 0.1019047619047619 0.011428571428571429 0.0380952380952381
5 0.6128571428571429 0.14095238095238094 0.04 0.07809523809523809
1 0.6389285714285714 0.42095238095238097 0.020714285714285713 0.05523809523809524
1 0.6242857142857143 0.4166666666666667 0.015714285714285715 0.05238095238095238
5 0.6653571428571429 0.3233333333333333 0.056428571428571425 0.11333333333333333
4 0.7014285714285714 0.46 0.08 0.12380952380952381
10 0.7367857142857143 0.5771428571428572 0.06357142857142857 0.049523809523809526
10 0.6689285714285714 0.5661904761904762 0.03357142857142857 0.06190476190476191
10 0.745 0.7461904761904762 0.07 0.04857142857142857
10 0.7642857142857142 0.7976190476190477 0.07142857142857142 0.040952380952380955
4 0.7878571428571428 0.9047619047619048 0.19428571428571428 0.18857142857142858
1 0.9546428571428571 0.6633333333333333 0.039285714285714285 0.05238095238095238
1 0.9114285714285715 0.6585714285714286 0.03428571428571429 0.06761904761904762
10 0.8382142857142857 0.5038095238095238 0.029285714285714286 0.06476190476190476
10 0.81 0.4533333333333333 0.032857142857142856 0.05904761904761905
10 0.7596428571428572 0.3304761904761905 0.013571428571428571 0.049523809523809526
2 0.7882142857142858 0.2904761904761905 0.016428571428571428 0.0419047619047619
