8 0.4325 0.819047619047619 0.029285714285714286 0.07809523809523809
3 0.4907142857142857 0.6333333333333333 0.011428571428571429 0.0380952380952381
2 0.4907142857142857 0.6319047619047619 0.01 0.018095238095238095
10 0.5160714285714286 0.6566666666666666 0.02642857142857143 0.021904761904761906
4 0.5196428571428572 0.58 0.03357142857142857 0.09904761904761905
1 0.4542857142857143 0.6171428571428571 0.01 0.022857142857142857
4 0.43607142857142855 0.5071428571428571 0.04071428571428572 0.1019047619047619
10 0.5221428571428571 0.49714285714285716 0.024285714285714285 0.017142857142857144
4 0.5267857142857143 0.43714285714285717 0.03214285714285714 0.09142857142857143
7 0.5296428571428572 0.37666666666666665 0.03357142857142857 0.025714285714285714
3 0.45357142857142857 0.31476190476190474 0.024285714285714285 0.02
1 0.5196428571428572 0.29904761904761906 0.015 0.024761904761904763
10 0.5342857142857143 0.3438095238095238 0.02 0.01904761904761905
3 0.47035714285714286 0.17095238095238094 0.025 0.012380952380952381
10 0.5210714285714285 0.09285714285714286 0.012142857142857143 0.037142857142857144
